13391
13393
13395
13397
13399
13401
13403
13405
13407
13409
13411
13413
13415
13417
13419
13421
13423
13425
13427
13429
13431
13433
13435
13437
13439
13441
13443
13445
13447
13449
13451
13453
13455
13457
13459
13461
13463
13465
13467
13469
13471
13473
13475
13477
13479
13481
13483
13485
13487
13489
13491
13493
13495
13497
13499
13501
13503
13505
13507
13509
13511
13513
13515
13517
13519
13521
13523
13525
13527
13529
13531
13533
13535
13537
13539
13541
13543
13545
13547
13549
13551
13553
13555
13557
13559
13561
13563
13565
13567
13569
13571
13573
13575
13577
13579
13581
13583
13585
13587
13589
13591
13593
13595
13597
13599
13601
13603
13605
13607
13609
13611
13613
13615
13617
13619
13621
13623
13625
13627
13629
13631
13633
13635
13637
13639
13641
13643
13645
13647
13649
13651
13653
13655
13657
13659
13661
13663
13665
13667
13669
13671
13673
13675
13677
13679
13681
13683
13685
13687
13689
13691
13693
13695
13697
13699
13701
13703
13705
13707
13709
13711
13713
13715
13717
13719
13721
13723
13725
13727
13729
13731
13733
13735
13737
13739
13741
13743
13745
13747
13749
13751
13753
13755
13757
13759
13761
13763
13765
13767
13769
13771
13773
13775
13777
13779
13781
13783
13785
13787
13789
13791
13793
13795
13797
13799
13801
13803
13805
13807
13809
13811
13813
13815
13817
13819
13821
13823
13825
13827
13829
13831
13833
13835
13837
13839
13841
13843
13845
13847
13849
13851
13853
13855
13857
13859
13861
13863
13865
13867
13869
13871
13873
13875
13877
13879
13881
13883
13885
13887
13889
13891
13893
13895
13897
13899
13901
13903
13905
13907
13909
13911
13913
13915
13917
13919
13921
13923
13925
13927
13929
13931
13933
13935
13937
13939
13941
13943
13945
13947
13949
13951
13953
13955
13957
13959
13961
13963
13965
13967
13969
13971
13973
13975
13977
13979
13981
13983
13985
13987
13989
13991
13993
13995
13997
13999
14001
14003
14005
14007
14009
14011
14013
14015
14017
14019
14021
14023
14025
14027
14029
14031
14033
14035
14037
14039
14041
14043
14045
14047
14049
14051
14053
14055
14057
14059
14061
14063
14065
14067
14069
14071
14073
14075
14077
14079
14081
14083
14085
14087
14089
14091
14093
14095
14097
14099
14101
14103
14105
14107
14109
14111
14113
14115
14117
14119
14121
14123
14125
14127
14129
14131
14133
14135
14137
14139
14141
14143
14145
14147
14149
14151
14153
14155
14157
14159
14161
14163
14165
14167
14169
14171
14173
14175
14177
14179
14181
14183
14185
14187
14189
14191
14193
14195
14197
14199
14201
14203
14205
14207
14209
14211
14213
14215
14217
14219
14221
14223
14225
14227
14229
14231
14233
14235
14237
14239
14241
14243
14245
14247
14249
14251
14253
14255
14257
14259
14261
14263
14265
14267
14269
14271
14273
14275
14277
14279
14281
14283
14285
14287
14289
14291
14293
14295
14297
14299
14301
14303
14305
14307
14309
14311
14313
14315
14317
14319
14321
14323
14325
14327
14329
14331
14333
14335
14337
14339
14341
14343
14345
14347
14349
14351
14353
14355
14357
14359
14361
14363
14365
14367
14369
14371
14373
14375
14377
14379
14381
14383
14385
14387
14389
14391
14393
14395
14397
14399
14401
14403
14405
14407
14409
14411
14413
14415
14417
14419
14421
14423
14425
14427
14429
14431
14433
14435
14437
14439
14441
14443
14445
14447
14449
14451
14453
14455
14457
14459
14461
14463
14465
14467
14469
14471
14473
14475
14477
14479
14481
14483
14485
14487
14489
14491
14493
14495
14497
14499
14501
14503
14505
14507
14509
14511
14513
14515
14517
14519
14521
14523
14525
14527
14529
14531
14533
14535
14537
14539
14541
14543
14545
14547
14549
14551
14553
14555
14557
14559
14561
14563
14565
14567
14569
14571
14573
14575
14577
14579
14581
14583
14585
14587
14589
14591
14593
14595
14597
14599
14601
14603
14605
14607
14609
14611
14613
14615
14617
14619
14621
14623
14625
14627
14629
14631
14633
14635
14637
14639
14641
14643
14645
14647
14649
14651
14653
14655
14657
14659
14661
14663
14665
14667
14669
14671
14673
14675
14677
14679
14681
14683
14685
14687
14689
14691
14693
14695
14697
14699
14701
14703
14705
14707
14709
14711
14713
14715
14717
14719
14721
14723
14725
14727
14729
14731
14733
14735
14737
14739
14741
14743
14745
14747
14749
14751
14753
14755
14757
14759
14761
14763
14765
14767
14769
14771
14773
14775
14777
14779
14781
14783
14785
14787
14789
14791
14793
14795
14797
14799
14801
14803
14805
14807
14809
14811
14813
14815
14817
14819
14821
14823
14825
14827
14829
14831
14833
14835
14837
14839
14841
14843
14845
14847
14849
14851
14853
14855
14857
14859
14861
14863
14865
14867
14869
14871
14873
14875
14877
14879
14881
14883
14885
14887
14889
14891
14893
14895
14897
14899
14901
14903
14905
14907
14909
14911
14913
14915
14917
14919
14921
14923
14925
14927
14929
14931
14933
14935
14937
14939
14941
14943
14945
14947
14949
14951
14953
14955
14957
14959
14961
14963
14965
14967
14969
14971
14973
14975
14977
14979
14981
14983
14985
14987
14989
14991
14993
14995
14997
14999
15001
15003
15005
15007
15009
15011
15013
15015
15017
15019
15021
15023
15025
15027
15029
15031
15033
15035
15037
15039
15041
15043
15045
15047
15049
15051
15053
15055
15057
15059
15061
15063
15065
15067
15069
15071
15073
15075
15077
15079
15081
15083
15085
15087
15089
15091
15093
15095
15097
15099
15101
15103
15105
15107
15109
15111
15113
15115
15117
15119
15121
15123
15125
15127
15129
15131
15133
15135
15137
15139
15141
15143
15145
15147
15149
15151
15153
15155
15157
15159
15161
15163
15165
15167
15169
15171
15173
15175
15177
15179
15181
15183
15185
15187
15189
15191
15193
15195
15197
15199
15201
15203
15205
15207
15209
15211
15213
15215
15217
15219
15221
15223
15225
15227
15229
15231
15233
15235
15237
15239
15241
15243
15245
15247
15249
15251
15253
15255
15257
15259
15261
15263
15265
15267
15269
15271
15273
15275
15277
15279
15281
15283
15285
15287
15289
15291
15293
15295
15297
15299
15301
15303
15305
15307
15309
15311
15313
15315
15317
15319
15321
15323
15325
15327
15329
15331
15333
15335
15337
15339
15341
15343
15345
15347
15349
15351
15353
15355
15357
15359
15361
15363
15365
15367
15369
15371
15373
15375
15377
15379
15381
15383
15385
15387
15389
15391
15393
15395
15397
15399
15401
15403
15405
15407
15409
15411
15413
15415
15417
15419
15421
15423
15425
15427
15429
15431
15433
15435
15437
15439
15441
15443
15445
15447
15449
15451
15453
15455
15457
15459
15461
15463
15465
15467
15469
15471
15473
15475
15477
15479
15481
15483
15485
15487
15489
15491
15493
15495
15497
15499
15501
15503
15505
15507
15509
15511
15513
15515
15517
15519
15521
15523
15525
15527
15529
15531
15533
15535
15537
15539
15541
15543
15545
15547
15549
15551
15553
15555
15557
15559
15561
15563
15565
15567
15569
15571
15573
15575
15577
15579
15581
15583
15585
15587
15589
15591
15593
15595
15597
15599
15601
15603
15605
15607
15609
15611
15613
15615
15617
15619
15621
15623
15625
15627
15629
15631
15633
15635
15637
15639
15641
15643
15645
15647
15649
15651
15653
15655
15657
15659
15661
15663
15665
15667
15669
15671
15673
15675
15677
15679
15681
15683
15685
15687
15689
15691
15693
15695
15697
15699
15701
15703
15705
15707
15709
15711
15713
15715
15717
15719
15721
15723
15725
15727
15729
15731
15733
15735
15737
15739
15741
15743
15745
15747
15749
15751
15753
15755
15757
15759
15761
15763
15765
15767
15769
15771
15773
15775
15777
15779
15781
15783
15785
15787
15789
15791
15793
15795
15797
15799
15801
15803
15805
15807
15809
15811
15813
15815
15817
15819
15821
15823
15825
15827
15829
15831
15833
15835
15837
15839
15841
15843
15845
15847
15849
15851
15853
15855
15857
15859
15861
15863
15865
15867
15869
15871
15873
15875
15877
15879
15881
15883
15885
15887
15889
15891
15893
15895
15897
15899
15901
15903
15905
15907
15909
15911
15913
15915
15917
15919
15921
15923
15925
15927
15929
15931
15933
15935
15937
15939
15941
15943
15945
15947
15949
15951
15953
15955
15957
15959
15961
15963
15965
15967
15969
15971
15973
15975
15977
15979
15981
15983
15985
15987
15989
15991
15993
15995
15997
15999
16001
16003
16005
16007
16009
16011
16013
16015
16017
16019
16021
16023
16025
16027
16029
16031
16033
16035
16037
16039
16041
16043
16045
16047
16049
16051
16053
16055
16057
16059
16061
16063
16065
16067
16069
16071
16073
16075
16077
16079
16081
16083
16085
16087
16089
16091
16093
16095
16097
16099
16101
16103
16105
16107
16109
16111
16113
16115
16117
16119
16121
16123
16125
16127
16129
16131
16133
16135
16137
16139
16141
16143
16145
16147
16149
16151
16153
16155
16157
16159
16161
16163
16165
16167
16169
16171
16173
16175
16177
16179
16181
16183
16185
16187
16189
16191
16193
16195
16197
16199
16201
16203
16205
16207
16209
16211
16213
16215
16217
16219
16221
16223
16225
16227
16229
16231
16233
16235
16237
16239
16241
16243
16245
16247
16249
16251
16253
16255
16257
16259
16261
16263
16265
16267
16269
16271
16273
16275
16277
16279
16281
16283
16285
16287
16289
16291
16293
16295
16297
16299
16301
16303
16305
16307
16309
16311
16313
16315
16317
16319
16321
16323
16325
16327
16329
16331
16333
16335
16337
16339
16341
16343
16345
16347
16349
16351
16353
16355
16357
16359
16361
16363
16365
16367
16369
16371
16373
16375
16377
16379
16381
16383
16385
16387
16389
16391
16393
16395
16397
16399
16401
16403
16405
16407
16409
16411
16413
16415
16417
16419
16421
16423
16425
16427
16429
16431
16433
16435
16437
16439
16441
16443
16445
16447
16449
16451
16453
16455
16457
16459
16461
16463
16465
16467
16469
16471
16473
16475
16477
16479
16481
16483
16485
16487
16489
16491
16493
16495
16497
16499
16501
16503
16505
16507
16509
16511
16513
16515
16517
16519
16521
16523
16525
16527
16529
16531
16533
16535
16537
16539
16541
16543
16545
16547
16549
16551
16553
16555
16557
16559
16561
16563
16565
16567
16569
16571
16573
16575
16577
16579
16581
16583
16585
16587
16589
16591
16593
16595
16597
16599
16601
16603
16605
16607
16609
16611
16613
16615
16617
16619
16621
16623
16625
16627
16629
16631
16633
16635
16637
16639
16641
16643
16645
16647
16649
16651
16653
16655
16657
16659
16661
16663
16665
16667
16669
16671
16673
16675
16677
16679
16681
16683
16685
16687
16689
16691
16693
16695
16697
16699
16701
16703
16705
16707
16709
16711
16713
16715
16717
16719
16721
16723
16725
16727
16729
16731
16733
16735
16737
16739
16741
16743
16745
16747
16749
16751
16753
16755
16757
16759
16761
16763
16765
16767
16769
16771
16773
16775
16777
16779
16781
16783
16785
16787
16789
16791
16793
16795
16797
16799
16801
16803
16805
16807
16809
16811
16813
16815
16817
16819
16821
16823
16825
16827
16829
16831
16833
16835
16837
16839
16841
16843
16845
16847
16849
16851
16853
16855
16857
16859
16861
16863
16865
16867
16869
16871
16873
16875
16877
16879
16881
16883
16885
16887
16889
16891
16893
16895
16897
16899
16901
16903
16905
16907
16909
16911
16913
16915
16917
16919
16921
16923
16925
16927
16929
16931
16933
16935
16937
16939
16941
16943
16945
16947
16949
16951
16953
16955
16957
16959
16961
16963
16965
16967
16969
16971
16973
16975
16977
16979
16981
16983
16985
16987
16989
16991
16993
16995
16997
16999
17001
17003
17005
17007
17009
17011
17013
17015
17017
17019
17021
17023
17025
17027
17029
17031
17033
17035
17037
17039
17041
17043
17045
17047
17049
17051
17053
17055
17057
17059
17061
17063
17065
17067
17069
17071
17073
17075
17077
17079
17081
17083
17085
17087
17089
17091
17093
17095
17097
17099
17101
17103
17105
17107
17109
17111
17113
17115
17117
17119
17121
17123
17125
17127
17129
17131
17133
17135
17137
17139
17141
17143
17145
17147
17149
17151
17153
17155
17157
17159
17161
17163
17165
17167
17169
17171
17173
17175
17177
17179
17181
17183
17185
17187
17189
17191
17193
17195
17197
17199
17201
17203
17205
17207
17209
17211
17213
17215
17217
17219
17221
17223
17225
17227
17229
17231
17233
17235
17237
17239
17241
17243
17245
17247
17249
17251
17253
17255
17257
17259
17261
17263
17265
17267
17269
17271
17273
17275
17277
17279
17281
17283
17285
17287
17289
17291
17293
17295
17297
17299
17301
17303
17305
17307
17309
17311
17313
17315
17317
17319
17321
17323
17325
17327
17329
17331
17333
17335
17337
17339
17341
17343
17345
17347
17349
17351
17353
17355
17357
17359
17361
17363
17365
17367
17369
17371
17373
17375
17377
17379
17381
17383
17385
17387
17389
17391
17393
17395
17397
17399
17401
17403
17405
17407
17409
17411
17413
17415
17417
17419
17421
17423
17425
17427
17429
17431
17433
17435
17437
17439
17441
17443
17445
17447
17449
17451
17453
17455
17457
17459
17461
17463
17465
17467
17469
17471
17473
17475
17477
17479
17481
17483
17485
17487
17489
17491
17493
17495
17497
17499
17501
17503
17505
17507
17509
17511
17513
17515
17517
17519
17521
17523
17525
17527
17529
17531
17533
17535
17537
17539
17541
17543
17545
17547
17549
17551
17553
17555
17557
17559
17561
17563
17565
17567
17569
17571
17573
17575
17577
17579
17581
17583
17585
17587
17589
17591
17593
17595
17597
17599
17601
17603
17605
17607
17609
17611
17613
17615
17617
17619
17621
17623
17625
17627
17629
17631
17633
17635
17637
17639
17641
17643
17645
17647
17649
17651
17653
17655
17657
17659
17661
17663
17665
17667
17669
17671
17673
17675
17677
17679
17681
17683
17685
17687
17689
17691
17693
17695
17697
17699
17701
17703
17705
17707
17709
17711
17713
17715
17717
17719
17721
17723
17725
17727
17729
17731
17733
17735
17737
17739
17741
17743
17745
17747
17749
17751
17753
17755
17757
17759
17761
17763
17765
17767
17769
17771
17773
17775
17777
17779
17781
17783
17785
17787
17789
17791
17793
17795
17797
17799
17801
17803
17805
17807
17809
17811
17813
17815
17817
17819
17821
17823
17825
17827
17829
17831
17833
17835
17837
17839
17841
17843
17845
17847
17849
17851
17853
17855
17857
17859
17861
17863
17865
17867
17869
17871
17873
17875
17877
17879
17881
17883
17885
17887
17889
17891
17893
17895
17897
17899
17901
17903
17905
17907
17909
17911
17913
17915
17917
17919
17921
17923
17925
17927
17929
17931
17933
17935
17937
17939
17941
17943
17945
17947
17949
17951
17953
17955
17957
17959
17961
17963
17965
17967
17969
17971
17973
17975
17977
17979
17981
17983
17985
17987
17989
17991
17993
17995
17997
17999
18001
18003
18005
18007
18009
18011
18013
18015
18017
18019
18021
18023
18025
18027
18029
18031
18033
18035
18037
18039
18041
18043
18045
18047
18049
18051
18053
18055
18057
18059
18061
18063
18065
18067
18069
18071
18073
18075
18077
18079
18081
18083
18085
18087
18089
18091
18093
18095
18097
18099
18101
18103
18105
18107
18109
18111
18113
18115
18117
18119
18121
18123
18125
18127
18129
18131
18133
18135
18137
18139
18141
18143
18145
18147
18149
18151
18153
18155
18157
18159
18161
18163
18165
18167
18169
18171
18173
18175
18177
18179
18181
18183
18185
18187
18189
18191
18193
18195
18197
18199
18201
18203
18205
18207
18209
18211
18213
18215
18217
18219
18221
18223
18225
18227
18229
18231
18233
18235
18237
18239
18241
18243
18245
18247
18249
18251
18253
18255
18257
18259
18261
18263
18265
18267
18269
18271
18273
18275
18277
18279
18281
18283
18285
18287
18289
18291
18293
18295
18297
18299
18301
18303
18305
18307
18309
18311
18313
18315
18317
18319
18321
18323
18325
18327
18329
18331
18333
18335
18337
18339
18341
18343
18345
18347
18349
18351
18353
18355
18357
18359
18361
18363
18365
18367
18369
18371
18373
18375
18377
18379
18381
18383
18385
18387
18389
18391
18393
18395
18397
18399
18401
18403
18405
18407
18409
18411
18413
18415
18417
18419
18421
18423
18425
18427
18429
18431
18433
18435
18437
18439
18441
18443
18445
18447
18449
18451
18453
18455
18457
18459
18461
18463
18465
18467
18469
18471
18473
18475
18477
18479
18481
18483
18485
18487
18489
18491
18493
18495
18497
18499
18501
18503
18505
18507
18509
18511
18513
18515
18517
18519
18521
18523
18525
18527
18529
18531
18533
18535
18537
18539
18541
18543
18545
18547
18549
18551
18553
18555
18557
18559
18561
18563
18565
18567
18569
18571
18573
18575
18577
18579
18581
18583
18585
18587
18589
18591
18593
18595
18597
18599
18601
18603
18605
18607
18609
18611
18613
18615
18617
18619
18621
18623
18625
18627
18629
18631
18633
18635
18637
18639
18641
18643
18645
18647
18649
18651
18653
18655
18657
18659
18661
18663
18665
18667
18669
18671
18673
18675
18677
18679
18681
18683
18685
18687
18689
18691
18693
18695
18697
18699
18701
18703
18705
18707
18709
18711
18713
18715
18717
18719
18721
18723
18725
18727
18729
18731
18733
18735
18737
18739
18741
18743
18745
18747
18749
18751
18753
18755
18757
18759
18761
18763
18765
18767
18769
18771
18773
18775
18777
18779
18781
18783
18785
18787
18789
18791
18793
18795
18797
18799
18801
18803
18805
18807
18809
18811
18813
18815
18817
18819
18821
18823
18825
18827
18829
18831
18833
18835
18837
18839
18841
18843
18845
18847
18849
18851
18853
18855
18857
18859
18861
18863
18865
18867
18869
18871
18873
18875
18877
18879
18881
18883
18885
18887
18889
18891
18893
18895
18897
18899
18901
18903
18905
18907
18909
18911
18913
18915
18917
18919
18921
18923
18925
18927
18929
18931
18933
18935
18937
18939
18941
18943
18945
18947
18949
18951
18953
18955
18957
18959
18961
18963
18965
18967
18969
18971
18973
18975
18977
18979
18981
18983
18985
18987
18989
18991
18993
18995
18997
18999
19001
19003
19005
19007
19009
19011
19013
19015
19017
19019
19021
19023
19025
19027
19029
19031
19033
19035
19037
19039
19041
19043
19045
19047
19049
19051
19053
19055
19057
19059
19061
19063
19065
19067
19069
19071
19073
19075
19077
19079
19081
19083
19085
19087
19089
19091
19093
19095
19097
19099
19101
19103
19105
19107
19109
19111
19113
19115
19117
19119
19121
19123
19125
19127
19129
19131
19133
19135
19137
19139
19141
19143
19145
19147
19149
19151
19153
19155
19157
19159
19161
19163
19165
19167
19169
19171
19173
19175
19177
19179
19181
19183
19185
19187
19189
19191
19193
19195
19197
19199
19201
19203
19205
19207
19209
19211
19213
19215
19217
19219
19221
19223
19225
19227
19229
19231
19233
19235
19237
19239
19241
19243
19245
19247
19249
19251
19253
19255
19257
19259
19261
19263
19265
19267
19269
19271
19273
19275
19277
19279
19281
19283
19285
19287
19289
19291
19293
19295
19297
19299
19301
19303
19305
19307
19309
19311
19313
19315
19317
19319
19321
19323
19325
19327
19329
19331
19333
19335
19337
19339
19341
19343
19345
19347
19349
19351
19353
19355
19357
19359
19361
19363
19365
19367
19369
19371
19373
19375
19377
19379
19381
19383
19385
19387
19389
19391
19393
19395
19397
19399
19401
19403
19405
19407
19409
19411
19413
19415
19417
19419
19421
19423
19425
19427
19429
19431
19433
19435
19437
19439
19441
19443
19445
19447
19449
19451
19453
19455
19457
19459
19461
19463
19465
19467
19469
19471
19473
19475
19477
19479
19481
19483
19485
19487
19489
19491
19493
19495
19497
19499
19501
19503
19505
19507
19509
19511
19513
19515
19517
19519
19521
19523
19525
19527
19529
19531
19533
19535
19537
19539
19541
19543
19545
19547
19549
19551
19553
19555
19557
19559
19561
19563
19565
19567
19569
19571
19573
19575
19577
19579
19581
19583
19585
19587
19589
19591
19593
19595
19597
19599
19601
19603
19605
19607
19609
19611
19613
19615
19617
19619
19621
19623
19625
19627
19629
19631
19633
19635
19637
19639
19641
19643
19645
19647
19649
19651
19653
19655
19657
19659
19661
19663
19665
19667
19669
19671
19673
19675
19677
19679
19681
19683
19685
19687
19689
19691
19693
19695
19697
19699
19701
19703
19705
19707
19709
19711
19713
19715
19717
19719
19721
19723
19725
19727
19729
19731
19733
19735
19737
19739
19741
19743
19745
19747
19749
19751
19753
19755
19757
19759
19761
19763
19765
19767
19769
19771
19773
19775
19777
19779
19781
19783
19785
19787
19789
19791
19793
19795
19797
19799
19801
19803
19805
19807
19809
19811
19813
19815
19817
19819
19821
19823
19825
19827
19829
19831
19833
19835
19837
19839
19841
19843
19845
19847
19849
19851
19853
19855
19857
19859
19861
19863
19865
19867
19869
19871
19873
19875
19877
19879
19881
19883
19885
19887
19889
19891
19893
19895
19897
19899
19901
19903
19905
19907
19909
19911
19913
19915
19917
19919
19921
19923
19925
19927
19929
19931
19933
19935
19937
19939
19941
19943
19945
19947
19949
19951
19953
19955
19957
19959
19961
19963
19965
19967
19969
19971
19973
19975
19977
19979
19981
19983
19985
19987
19989
19991
19993
19995
19997
19999
20001
20003
20005
20007
20009
20011
20013
20015
20017
20019
20021
20023
20025
20027
20029
20031
20033
20035
20037
20039
20041
20043
20045
20047
20049
20051
20053
20055
20057
20059
20061
20063
20065
20067
20069
20071
20073
20075
20077
20079
20081
20083
20085
20087
20089
20091
20093
20095
20097
20099
20101
20103
20105
20107
20109
20111
20113
20115
20117
20119
20121
20123
20125
20127
20129
20131
20133
20135
20137
20139
20141
20143
20145
20147
20149
20151
20153
20155
20157
20159
20161
20163
20165
20167
20169
20171
20173
20175
20177
20179
20181
20183
20185
20187
20189
20191
20193
20195
20197
20199
20201
20203
20205
20207
20209
20211
20213
20215
20217
20219
20221
20223
20225
20227
20229
20231
20233
20235
20237
20239
20241
20243
20245
20247
20249
20251
20253
20255
20257
20259
20261
20263
20265
20267
20269
20271
20273
20275
20277
20279
20281
20283
20285
20287
20289
20291
20293
20295
20297
20299
20301
20303
20305
20307
20309
20311
20313
20315
20317
20319
20321
20323
20325
20327
20329
20331
20333
20335
20337
20339
20341
20343
20345
20347
20349
20351
20353
20355
20357
20359
20361
20363
20365
20367
20369
20371
20373
20375
20377
20379
20381
20383
20385
20387
20389
20391
20393
20395
20397
20399
20401
20403
20405
20407
20409
20411
20413
20415
20417
20419
20421
20423
20425
20427
20429
20431
20433
20435
20437
20439
20441
20443
20445
20447
20449
20451
20453
20455
20457
20459
20461
20463
20465
20467
20469
20471
20473
20475
20477
20479
20481
20483
20485
20487
20489
20491
20493
20495
20497
20499
20501
20503
20505
20507
20509
20511
20513
20515
20517
20519
20521
20523
20525
20527
20529
20531
20533
20535
20537
20539
20541
20543
20545
20547
20549
20551
20553
20555
20557
20559
20561
20563
20565
20567
20569
20571
20573
20575
20577
20579
20581
20583
20585
20587
20589
20591
20593
20595
20597
20599
20601
20603
20605
20607
20609
20611
20613
20615
20617
20619
20621
20623
20625
20627
20629
20631
20633
20635
20637
20639
20641
20643
20645
20647
20649
20651
20653
20655
20657
20659
20661
20663
20665
20667
20669
20671
20673
20675
20677
20679
20681
20683
20685
20687
20689
20691
20693
20695
20697
20699
20701
20703
20705
20707
20709
20711
20713
20715
20717
20719
20721
20723
20725
20727
20729
20731
20733
20735
20737
20739
20741
20743
20745
20747
20749
20751
20753
20755
20757
20759
20761
20763
20765
20767
20769
20771
20773
20775
20777
20779
20781
20783
20785
20787
20789
20791
20793
20795
20797
20799
20801
20803
20805
20807
20809
20811
20813
20815
20817
20819
20821
20823
20825
20827
20829
20831
20833
20835
20837
20839
20841
20843
20845
20847
20849
20851
20853
20855
20857
20859
20861
20863
20865
20867
20869
20871
20873
20875
20877
20879
20881
20883
20885
20887
20889
20891
20893
20895
20897
20899
20901
20903
20905
20907
20909
20911
20913
20915
20917
20919
20921
20923
20925
20927
20929
20931
20933
